0.436042 0.351225 0.869655 0.796726 0.573638 0.952064 0.722163 0.338026 0.084817 0.119706
0.780055 0.954409 0.734852 0.727275 0.198208 0.214802 0.865936 0.525701 0.023693 0.763166
0.984445 0.313850 0.303050 0.597441 0.412848 0.739261 0.508949 0.917410 0.912626 0.072369
0.282259 0.864651 0.738732 0.143406 0.515641 0.416181 0.955717 0.208079 0.133526 0.293894
0.816357 0.743555 0.860475 0.478001 0.844377 0.701423 0.496912 0.182844 0.115418 0.625379
0.089837 0.735594 0.893412 0.624806 0.438937 0.756259 0.982859 0.767354 0.585948 0.373227
0.317484 0.119976 0.610055 0.463940 0.743378 0.290092 0.162015 0.724054 0.806104 0.369126
0.871805 0.746783 0.372348 0.445444 0.145194 0.477268 0.862252 0.617582 0.678962 0.351009
0.377804 0.208189 0.654608 0.777907 0.239113 0.104193 0.369750 0.678549 0.401296 0.990700
0.607464 0.566323 0.375726 0.626214 0.852956 0.020588 0.852729 0.385861 0.361755 0.127417
0.564907 0.827982 0.977652 0.118357 0.809698 0.269963 0.176802 0.563818 0.360413 0.308642
0.763218 0.489658 0.135377 0.073627 0.870506 0.728068 0.692738 0.076054 0.024861 0.509690
0.126756 0.793634 0.772965 0.424751 0.554144 0.116604 0.994090 0.362338 0.219534 0.600473
0.694877 0.106948 0.125308 0.221415 0.291446 0.789344 0.816531 0.854052 0.953165 0.369007
0.174318 0.158001 0.413691 0.355752 0.541034 0.000554 0.624108 0.520149 0.743746 0.360781
0.090090 0.409545 0.471868 0.746442 0.516443 0.614614 0.026003 0.644374 0.865214 0.234860
0.462618 0.581426 0.301996 0.875427 0.012572 0.425158 0.549749 0.193185 0.444778 0.759103
0.998782 0.236931 0.923157 0.182805 0.977770 0.135419 0.325473 0.986355 0.873231 0.144992
0.495484 0.406477 0.979544 0.486489 0.203247 0.553062 0.349107 0.972850 0.286997 0.475280
0.366375 0.515257 0.259215 0.445870 0.638893 0.588943 0.892172 0.563861 0.240030 0.555837
0.547497 0.304637 0.299175 0.941348 0.050032 0.564847 0.674603 0.459383 0.110102 0.306204
0.320281 0.392607 0.793474 0.865579 0.156915 0.735014 0.056507 0.615980 0.055583 0.174993
0.712946 0.914868 0.458612 0.107289 0.182285 0.004198 0.462963 0.557811 0.141954 0.575000
0.250048 0.375723 0.827678 0.306922 0.013806 0.366892 0.531675 0.622639 0.630030 0.456538
0.598918 0.825697 0.333404 0.148952 0.022576 0.756065 0.021000 0.019714 0.277343 0.284402
0.298259 0.792999 0.468142 0.514001 0.174875 0.343329 0.073137 0.532925 0.678674 0.012805
0.026470 0.668740 0.612128 0.963116 0.623430 0.346075 0.625490 0.129005 0.357243 0.577323
0.054788 0.620870 0.141164 0.876984 0.356172 0.024999 0.357548 0.039143 0.893517 0.118320
0.255541 0.160729 0.038141 0.896627 0.449014 0.867932 0.708520 0.802060 0.321065 0.251470
0.194207 0.533727 0.779781 0.713544 0.054414 0.722931 0.840238 0.880063 0.876907 0.648660
0.914136 0.212147 0.532107 0.416891 0.444097 0.362185 0.187457 0.862130 0.228063 0.189633
0.940400 0.319084 0.660545 0.723087 0.090055 0.671597 0.134655 0.631678 0.647227 0.544519
0.601196 0.661666 0.594312 0.633899 0.271949 0.862138 0.371047 0.820716 0.550793 0.495507
0.799236 0.913300 0.681710 0.334082 0.353444 0.725983 0.030470 0.745773 0.056811 0.961227
0.767043 0.083023 0.426208 0.232558 0.986645 0.206024 0.314356 0.807613 0.343827 0.912803
0.467052 0.936003 0.699367 0.281045 0.034738 0.615450 0.653103 0.575931 0.986159 0.718755
0.658798 0.268901 0.944553 0.933088 0.426400 0.565883 0.489620 0.277979 0.296128 0.059106
0.924045 0.127386 0.511229 0.914089 0.481945 0.958878 0.275178 0.582235 0.116220 0.715843
0.828700 0.513540 0.309976 0.847472 0.111869 0.125092 0.631203 0.641889 0.251118 0.713425
0.422244 0.730422 0.605867 0.073303 0.456367 0.351552 0.510610 0.826252 0.350507 0.424106
0.778081 0.694168 0.098702 0.766718 0.384928 0.586298 0.652228 0.265713 0.968262 0.164029
0.750771 0.554347 0.057633 0.004210 0.736406 0.867164 0.715561 0.300758 0.642398 0.444785
0.643834 0.356922 0.940009 0.601058 0.472728 0.266176 0.056217 0.741741 0.812251 0.849477
0.904685 0.865895 0.623726 0.058346 0.639839 0.675821 0.670294 0.400073 0.221193 0.585964
0.598503 0.725254 0.445140 0.714512 0.355873 0.009245 0.903707 0.202335 0.174632 0.548930
0.940878 0.430396 0.055414 0.349768 0.188965 0.428066 0.931862 0.221760 0.962835 0.214206
0.678779 0.221765 0.762053 0.064787 0.783057 0.431885 0.859627 0.186620 0.721456 0.360981
0.669620 0.523130 0.067614 0.430787 0.474614 0.169607 0.827604 0.910026 0.384320 0.292033
0.200581 0.407009 0.224478 0.646195 0.282613 0.723752 0.701449 0.992405 0.666583 0.198322
0.363943 0.935298 0.432723 0.827152 0.020919 0.477203 0.374913 0.988889 0.889328 0.122259
